Aleksandrów, 54, 45, 49, 43, 36, 49
Boćki, 36, 37, 37, 33, 34, 38, 34
Bratian, 43, 49, 48, 37, 33, 41
Cielcza, 39, 40, 45, 32, 40, 45, 20
Czerwińsk nad Wisłą, 42, 30, 34, 38, 34, 31
Domaradz, 62, 58, 63, 48, 39, 62, 30
Egiertowo, 34, 37, 43, 29, 26, 43, 20
Gniechowice, 35, 18, 31, 23, 18, 24 
Jedlińsk, 62, 39, 61, 55, 28, 62, 30
Kleczanów, 45, 42, 42, 37, 38, 44, 20
Kozienice, 34, 35, 27, 35, 33, 27, 15
Kraczkowa, 64, 52, 57, 49, 41, 60, 30
Libidza, 43, 51, 54, 35, 37, 41
Lubień, 53, 43, 47, 37, 30, 44
Lubliniec, 65, 52, 53, 52, 42, 45, 30 
Łąck, 44, 35, 27, 44, 31, 21, 20
Łuszczów Pierwszy, 43, 39, 41, 38, 32, 41, 20
Małkowo, 50, 24, 15, 14, 13, 15 
Mniów, 53, 47, 39, 41, 35, 34 
Mokrzeszów, 39, 45, 47, 36, 39, 43, 20
Nowa Wieś, 41, 41, 29, 37, 28, 27, 20 
Nowy Targ, 45, 41, 42, 30, 31, 31, 20 
Ojrzeń, 29, 28, 43, 34, 31, 30 
Opatów, 42, 43, 42, 33, 27, 43, 20
Ostrów Wielkopolski, 26, 31, 16, 23, 30, 32, 15
Ostrówek, 48, 40, 49, 37, 40, 42
Ożarów, 44, 53, 39, 36, 35, 39 
Pawłowice, 63, 66, 35, 55, 56, 47, 30
Polichna, 48, 40, 30, 33, 27, 31 
Przasnysz, 38, 44, 44, 35, 35, 40, 20
Przerzeczyn Zdrój, 47, 41, 44, 35, 33, 40, 20
Przytoczno, 52, 47, 40, 40, 37, 41
Samborowo, 34, 34, 42, 30, 29, 38, 20
Sławno, 77, 68, 70, 57, 46, 64, 40
Słupca, 47, 49, 42, 37, 45, 38 
Smolice, 47, 36, 35, 39, 34, 33, 20
Wilczowola, 40, 43, 42, 39, 35, 40, 20
Zbydniów, 43, 38, 43, 35, 35, 43, 20
Żarnowo Drugie, 41, 36, 45, 43, 41, 44, 20
Żukowo, 37, 35, 43, 32, 31, 36, 20
Aleksandrów, 61, 53, 55, 49, 41, 55, 30
Boćki, 45, 45, 44, 41, 39, 44
Bratian, 48, 54, 54, 43, 37, 45
Cielcza, 49, 47, 51, 39, 46, 51
Czerwińsk nad Wisłą, 51, 40, 43, 46, 42, 38 
Domaradz, 71, 66, 70, 54, 44, 68, 30
Egiertowo, 45, 47, 48, 37, 34, 48
Gniechowice, 46, 33, 43, 37, 28, 35, 20
Jedlińsk, 72, 62, 71, 64, 45, 71, 30
Kleczanów, 56, 51, 49, 45, 44, 50
Kozienice, 40, 40, 37, 39, 38, 35, 36
Kraczkowa, 72, 59, 64, 55, 44, 67, 30
Libidza, 51, 58, 63, 39, 43, 47, 30 
Lubień, 62, 52, 54, 43, 36, 51, 30
Lubliniec, 72, 67, 71, 59, 51, 54, 30
Łąck, 52, 43, 36, 53, 39, 33 
Łuszczów Pierwszy, 51, 47, 47, 44, 38, 46
Małkowo, 61, 45, 28, 45, 28, 27, 30
Mniów, 61, 54, 46, 47, 41, 40, 30 
Mokrzeszów, 46, 52, 53, 43, 44, 48
Nowa Wieś, 48, 47, 41, 42, 34, 38 
Nowy Targ, 55, 48, 48, 37, 38, 36 
Ojrzeń, 40, 37, 49, 41, 40, 35 
Opatów, 50, 50, 51, 39, 31, 50
Ostrów Wielkopolski, 38, 39, 38, 31, 36, 40, 20
Ostrówek, 55, 46, 55, 42, 45, 47
Ożarów, 51, 61, 48, 40, 39, 44, 30 
Pawłowice, 71, 74, 59, 60, 60, 52, 30
Polichna, 55, 46, 34, 38, 31, 34 
Przasnysz, 45, 51, 51, 40, 39, 45
Przerzeczyn Zdrój, 53, 46, 51, 39, 37, 47
Przytoczno, 66, 56, 48, 47, 41, 48, 30
Samborowo, 40, 39, 48, 36, 36, 43
Sławno, 86, 79, 78, 64, 54, 71, 40
Słupca, 55, 56, 49, 42, 49, 44
Smolice, 55, 48, 45, 45, 44, 42
Wilczowola, 49, 51, 49, 45, 40, 46
Zbydniów, 53, 45, 51, 41, 41, 48
Żarnowo Drugie, 46, 41, 51, 48, 47, 48
Żukowo, 46, 50, 49, 37, 36, 44
Aleksandrów, 66, 58, 60, 53, 43, 59, 30
Boćki, 49, 49, 48, 45, 43, 48
Bratian, 52, 57, 58, 46, 40, 48, 30
Cielcza, 53, 51, 56, 42, 49, 54
Czerwińsk nad Wisłą, 57, 45, 48, 51, 46, 41
Domaradz, 77, 72, 75, 58, 48, 73, 40
Egiertowo, 49, 55, 53, 41, 38, 52
Gniechowice, 51, 41, 48, 41, 34, 40 
Jedlińsk, 80, 77, 78, 71, 54, 77, 40
Kleczanów, 63, 58, 55, 50, 48, 54, 30
Kozienice, 43, 44, 42, 42, 40, 40, 40
Kraczkowa, 78, 64, 69, 60, 47, 72, 40
Libidza, 56, 63, 69, 42, 47, 51, 30
Lubień, 68, 58, 58, 47, 40, 55, 30
Lubliniec, 78, 74, 77, 65, 56, 58, 40 
Łąck, 57, 48, 41, 58, 44, 37, 30 
Łuszczów Pierwszy, 55, 51, 51, 47, 41, 49
Małkowo, 67, 52, 39, 51, 38, 36, 30 
Mniów, 66, 59, 51, 52, 45, 44, 30 
Mokrzeszów, 50, 57, 57, 46, 47, 51, 30
Nowa Wieś, 52, 51, 46, 45, 37, 43
Nowy Targ, 60, 53, 52, 41, 41, 39, 30 
Ojrzeń, 45, 42, 54, 44, 44, 38 
Opatów, 54, 54, 57, 42, 34, 55
Ostrów Wielkopolski, 44, 44, 43, 37, 40, 44, 38
Ostrówek, 59, 50, 58, 45, 48, 50, 30
Ożarów, 56, 66, 53, 43, 42, 48, 30
Pawłowice, 77, 80, 72, 65, 63, 56 
Polichna, 59, 51, 37, 42, 33, 37, 30 
Przasnysz, 49, 56, 55, 43, 42, 50
Przerzeczyn Zdrój, 57, 50, 54, 42, 40, 51
Przytoczno, 74, 64, 55, 52, 44, 52, 30
Samborowo, 43, 43, 52, 39, 38, 46
Sławno, 93, 85, 84, 70, 60, 76, 40
Słupca, 59, 60, 53, 45, 52, 47, 30 
Smolice, 61, 55, 53, 48, 48, 48, 30
Wilczowola, 55, 57, 53, 49, 43, 50
Zbydniów, 58, 49, 55, 44, 44, 51, 30
Żarnowo Drugie, 50, 45, 56, 51, 50, 53
Żukowo, 52, 55, 53, 40, 40, 49
Aleksandrów, 77, 69, 70, 63, 49, 67, 40
Boćki, 57, 57, 56, 52, 49, 56, 50
Bratian, 59, 66, 65, 52, 45, 55, 30
Cielcza, 61, 61, 66, 48, 56, 63, 30
Czerwińsk nad Wisłą, 68, 57, 57, 63, 53, 47, 30
Domaradz, 92, 87, 89, 66, 55, 86, 40
Egiertowo, 58, 66, 62, 48, 46, 58, 30
Gniechowice, 60, 52, 56, 48, 43, 47, 30 
Jedlińsk, 97, 100, 93, 88, 68, 91
Kleczanów, 78, 74, 68, 60, 55, 63, 40
Kozienice, 50, 51, 50, 48, 46, 47, 47
Kraczkowa, 94, 80, 85, 71, 53, 86, 40
Libidza, 69, 73, 81, 49, 55, 59, 40 
Lubień, 79, 68, 67, 57, 47, 63, 40
Lubliniec, 92, 85, 88, 76, 64, 66, 40
Łąck, 67, 59, 51, 69, 53, 46, 30
Łuszczów Pierwszy, 66, 61, 60, 55, 47, 57, 30
Małkowo, 80, 64, 56, 62, 48, 49 
Mniów, 77, 71, 61, 63, 53, 53, 40 
Mokrzeszów, 58, 66, 66, 54, 55, 59, 30
Nowa Wieś, 63, 62, 54, 51, 42, 50, 30
Nowy Targ, 70, 61, 60, 48, 47, 46, 30
Ojrzeń, 53, 51, 63, 51, 50, 44, 30 
Opatów, 62, 63, 68, 49, 41, 65, 30
Ostrów Wielkopolski, 54, 53, 53, 46, 46, 51, 46
Ostrówek, 68, 58, 66, 51, 53, 56, 30
Ożarów, 66, 79, 63, 50, 48, 55 
Pawłowice, 93, 94, 89, 78, 71, 67 
Polichna, 70, 60, 43, 52, 39, 43, 30 
Przasnysz, 59, 68, 67, 50, 48, 60, 30
Przerzeczyn Zdrój, 67, 59, 63, 49, 47, 58, 30
Przytoczno, 88, 79, 69, 66, 51, 61, 40 
Samborowo, 51, 50, 60, 45, 44, 54, 30
Sławno, 112, 101, 102, 83, 72, 89
Słupca, 68, 69, 63, 51, 58, 55, 30
Smolice, 76, 70, 68, 58, 56, 57, 30
Wilczowola, 66, 69, 63, 61, 50, 58, 30
Zbydniów, 67, 57, 64, 51, 50, 58, 30
Żarnowo Drugie, 63, 57, 72, 60, 56, 63, 30
Żukowo, 62, 67, 64, 46, 46, 58, 30
