Aleksandrów, 94, 87, 95, 83, 63, 73, 97, 79, 77, 78, 59, 69, 40 
Boćki, 71, 71, 76, 51, 58, 70, 0, 0, 54, 0, 0, 49, 30, 20
Bratian, 77, 101, 70, 55, 51, 64, 0, 0, 58, 47, 0, 0 
Cielcza, 61, 68, 68, 64, 62, 75, 29, 0, 81, 56, 64, 62, 30
Czerwińsk nad Wisłą, 77, 53, 65, 85, 51, 52, 0, 73, 0, 16, 0, 0, 40 
Domaradz, 95, 108, 111, 78, 61, 159, 61, 0, 0, 67, 0, 0, 80
Egiertowo, 67, 71, 66, 55, 55, 62, 0, 0, 0, 55, 0, 0, 30, 20
Gniechowice, 111, 60, 78, 53, 51, 55, 38, 42, 53, 0, 34, 46 
Jedlińsk, 101, 135, 111, 119, 83, 108, 87, 91, 72, 0, 133, 87, 60
Kleczanów, 103, 82, 76, 76, 54, 66, 0, 0, 0, 47, 0, 0 
Kozienice, 49, 50, 39, 56, 51, 41, 14, 15, 0, 0, 0, 27, 10
Kraczkowa, 98, 90, 80, 98, 115, 114, 14, 85, 70, 39, 52, 0, 60
Libidza, 81, 66, 65, 58, 64, 68, 86, 55, 38, 54, 21, 26, 40
Lubień, 81, 71, 70, 74, 52, 71, 80, 0, 64, 44, 43, 61
Lubliniec, 93, 50, 75, 106, 108, 68, 0, 84, 0, 73, 53, 0, 40
Łąck, 81, 72, 69, 82, 68, 54, 70, 0, 46, 55, 0, 53, 40 
Łuszczów Pierwszy, 66, 75, 108, 68, 57, 64, 45, 40, 40, 0, 59, 64 
Małkowo, 127, 77, 80, 101, 83, 94, 60, 55, 49, 58, 44, 0, 60 
Mniów, 77, 64, 76, 48, 54, 60, 73, 0, 56, 0, 50, 54 
Mokrzeszów, 75, 71, 71, 46, 59, 74, 0, 0, 0, 0, 0, 0, 30, 0
Nowa Wieś, 60, 59, 58, 64, 60, 73, 0, 0, 19, 0, 42, 0, 30, 15
Nowy Targ, 77, 77, 69, 57, 56, 73, 0, 0, 0, 60, 66, 53, 40, 30
Ojrzeń, 64, 50, 64, 68, 63, 50, 0, 0, 0, 0, 0, 0, 30 
Opatów, 89, 93, 64, 56, 41, 69, 0, 0, 0, 48, 11, 6, 40
Ostrów Wielkopolski, 64, 62, 66, 55, 64, 67, 19, 19, 18, 0, 48, 51, 30
Ostrówek, 67, 56, 61, 57, 76, 69, 0, 0, 0, 0, 6, 51, 30
Ożarów, 55, 78, 64, 69, 55, 63, 0, 0, 0, 0, 54, 0, 40
Pawłowice, 69, 77, 77, 74, 121, 69, 58, 82, 0, 78, 0, 66, 60, 40
Polichna, 76, 59, 46, 67, 46, 48, 0, 0, 33, 55, 0, 44 
Przasnysz, 70, 81, 72, 56, 48, 67, 57, 59, 61, 33, 63, 0, 40, 30
Przerzeczyn Zdrój, 53, 65, 58, 55, 48, 96, 0, 0, 41, 0, 0, 52, 20
Przytoczno, 78, 78, 41, 46, 99, 33, 0, 0, 0, 0, 101, 0 
Samborowo, 54, 53, 64, 50, 45, 64, 47, 47, 0, 0, 13, 14, 30
Sławno, 144, 133, 114, 114, 108, 84, 0, 0, 0, 0, 0, 0, 60
Słupca, 67, 76, 68, 59, 72, 56, 0, 0, 69, 0, 66, 51, 30, 30 
Smolice, 82, 55, 84, 51, 52, 68, 62, 0, 0, 39, 43, 54
Wilczowola, 56, 62, 58, 64, 52, 55, 0, 0, 0, 0, 0, 0, 30
Zbydniów, 70, 67, 80, 50, 52, 66, 0, 0, 0, 0, 0, 0, 40
Żarnowo Drugie, 63, 67, 62, 70, 48, 51, 0, 0, 0, 0, 0, 0, 30
Żukowo, 90, 100, 85, 48, 61, 77, 61, 17, 15, 0, 0, 9 
Aleksandrów, 134, 135, 135, 97, 89, 112, 144, 119, 137, 103, 71, 89, 60, 60 
Boćki, 81, 81, 78, 78, 71, 81, 71, 71, 71, 70, 61, 77, 72, 40
Bratian, 89, 100, 99, 79, 67, 76, 83, 92, 91, 96, 67, 95 
Cielcza, 95, 105, 125, 69, 87, 90, 90, 96, 113, 82, 109, 111, 60 
Czerwińsk nad Wisłą, 133, 112, 89, 99, 94, 70, 103, 93, 83, 88, 70, 69, 60 
Domaradz, 138, 134, 147, 109, 88, 130, 128, 135, 139, 104, 83, 117, 60, 60
Egiertowo, 92, 110, 103, 80, 74, 81, 106, 99, 88, 77, 85, 92
Gniechowice, 88, 75, 91, 89, 77, 75, 99, 76, 87, 81, 74, 68, 40 
Jedlińsk, 168, 178, 154, 168, 137, 149, 185, 190, 187, 140, 119, 136, 80, 80
Kleczanów, 140, 138, 130, 132, 105, 91, 122, 118, 113, 107, 96, 85, 60
Kozienice, 95, 96, 93, 81, 74, 107, 73, 74, 74, 60, 61, 64, 30
Kraczkowa, 177, 134, 128, 119, 119, 146, 168, 154, 145, 108, 91, 114, 80
Libidza, 129, 134, 149, 81, 88, 92, 122, 134, 147, 80, 75, 80, 60
Lubień, 116, 103, 90, 111, 97, 96, 111, 98, 90, 99, 82, 85, 60
Lubliniec, 145, 138, 141, 141, 133, 116, 114, 116, 107, 110, 92, 86, 60
Łąck, 112, 108, 80, 129, 96, 80, 97, 91, 72, 109, 87, 67, 60 
Łuszczów Pierwszy, 127, 113, 120, 107, 82, 104, 141, 130, 130, 94, 65, 85, 60
Małkowo, 175, 111, 98, 105, 87, 95, 120, 104, 107, 121, 87, 97, 80 
Mniów, 111, 114, 98, 99, 85, 80, 112, 121, 108, 94, 77, 72, 60 
Mokrzeszów, 91, 115, 121, 86, 103, 118, 83, 105, 106, 81, 81, 80, 60 
Nowa Wieś, 120, 120, 93, 103, 82, 91, 95, 95, 87, 69, 58, 90, 60 
Nowy Targ, 114, 106, 100, 87, 96, 76, 117, 105, 98, 76, 78, 67 
Ojrzeń, 88, 88, 100, 86, 93, 69, 83, 78, 95, 65, 66, 64 
Opatów, 102, 99, 134, 76, 70, 109, 93, 91, 99, 69, 62, 100, 60
Ostrów Wielkopolski, 101, 99, 99, 68, 89, 108, 91, 93, 80, 65, 61, 80, 40
Ostrówek, 108, 87, 92, 78, 77, 103, 95, 83, 94, 63, 68, 71, 40
Ożarów, 110, 132, 100, 86, 88, 85, 110, 133, 106, 77, 72, 96, 60
Pawłowice, 135, 147, 142, 148, 128, 108, 119, 129, 126, 109, 104, 87, 60
Polichna, 113, 91, 60, 95, 70, 58, 118, 88, 55, 76, 53, 55 
Przasnysz, 100, 126, 121, 94, 102, 89, 82, 114, 94, 107, 112, 108, 60 
Przerzeczyn Zdrój, 110, 97, 111, 89, 95, 105, 102, 90, 93, 71, 71, 83
Przytoczno, 156, 132, 105, 119, 97, 89, 113, 107, 95, 95, 80, 74 
Samborowo, 74, 72, 141, 92, 81, 89, 105, 99, 135, 68, 60, 83, 60 
Sławno, 168, 150, 133, 133, 124, 135, 146, 125, 117, 117, 107, 112, 80
Słupca, 122, 129, 119, 81, 99, 80, 99, 99, 96, 77, 109, 86, 60 
Smolice, 136, 126, 128, 86, 86, 91, 98, 106, 114, 75, 69, 68, 60
Wilczowola, 98, 100, 89, 105, 82, 83, 92, 100, 87, 80, 74, 73 
Zbydniów, 102, 92, 99, 74, 81, 82, 95, 84, 91, 75, 65, 79, 40
Żarnowo Drugie, 123, 114, 122, 108, 92, 113, 84, 78, 90, 66, 66, 70, 60
Żukowo, 109, 121, 116, 77, 86, 109, 95, 107, 98, 78, 69, 106, 60
Aleksandrów, 125, 111, 102, 98, 73, 96, 109, 98, 104, 92, 75, 90, 60
Boćki, 85, 85, 82, 66, 74, 75, 80, 80, 61, 55, 58, 58, 40, 40 
Bratian, 83, 89, 98, 70, 61, 98, 81, 83, 88, 69, 84, 82, 40
Cielcza, 91, 90, 107, 72, 93, 97, 86, 81, 108, 66, 89, 85
Czerwińsk nad Wisłą, 99, 97, 107, 83, 70, 77, 108, 103, 103, 73, 56, 64 
Domaradz, 129, 133, 128, 110, 93, 117, 136, 129, 117, 122, 64, 125, 60
Egiertowo, 82, 91, 85, 83, 77, 87, 79, 91, 77, 59, 62, 72, 80, 40
Gniechowice, 88, 77, 81, 66, 64, 74, 87, 69, 76, 79, 71, 58, 40, 40 
Jedlińsk, 157, 159, 135, 162, 125, 134, 146, 138, 155, 132, 120, 120, 80, 80 
Kleczanów, 139, 136, 125, 87, 74, 85, 120, 115, 111, 106, 74, 81, 60 
Kozienice, 91, 92, 80, 65, 63, 63, 65, 66, 60, 57, 59, 63, 40 
Kraczkowa, 164, 162, 149, 120, 92, 135, 156, 111, 115, 98, 90, 133, 80, 80
Libidza, 114, 124, 140, 79, 84, 88, 86, 110, 115, 74, 74, 79, 60 
Lubień, 104, 91, 86, 92, 73, 93, 103, 90, 97, 86, 75, 92
Lubliniec, 175, 131, 141, 85, 88, 90, 108, 148, 129, 87, 75, 76, 80, 60 
Łąck, 108, 91, 86, 92, 78, 78, 91, 87, 68, 93, 85, 62 
Łuszczów Pierwszy, 111, 103, 98, 74, 72, 113, 94, 88, 105, 88, 62, 78 
Małkowo, 144, 91, 101, 91, 95, 97, 118, 104, 103, 93, 72, 81, 60 
Mniów, 116, 102, 95, 85, 74, 75, 98, 96, 83, 81, 69, 68, 60
Mokrzeszów, 95, 100, 95, 104, 71, 105, 81, 89, 85, 99, 75, 78 
Nowa Wieś, 92, 91, 93, 67, 53, 75, 79, 79, 69, 63, 49, 65, 40
Nowy Targ, 93, 86, 98, 86, 93, 79, 128, 114, 110, 79, 81, 74 
Ojrzeń, 72, 70, 111, 70, 84, 65, 74, 67, 78, 72, 60, 65 
Opatów, 90, 100, 94, 66, 59, 100, 93, 90, 99, 65, 56, 85
Ostrów Wielkopolski, 88, 83, 94, 74, 85, 117, 85, 83, 81, 65, 69, 71, 60, 40
Ostrówek, 119, 115, 98, 72, 59, 88, 90, 70, 81, 74, 77, 72, 60 
Ożarów, 96, 120, 95, 70, 69, 75, 101, 125, 85, 71, 63, 73, 60
Pawłowice, 140, 136, 127, 121, 113, 96, 109, 109, 110, 94, 105, 83, 60 
Polichna, 110, 83, 52, 88, 63, 65, 86, 73, 55, 69, 66, 54 
Przasnysz, 83, 117, 109, 75, 67, 100, 78, 96, 84, 52, 51, 79, 60 
Przerzeczyn Zdrój, 104, 80, 88, 81, 57, 82, 101, 84, 102, 77, 69, 83
Przytoczno, 120, 104, 94, 94, 98, 80, 108, 102, 91, 78, 67, 73, 60 
Samborowo, 86, 79, 105, 62, 57, 85, 65, 64, 66, 55, 58, 60 
Sławno, 155, 135, 140, 140, 108, 143, 148, 133, 113, 113, 89, 99, 60 
Słupca, 96, 106, 103, 81, 111, 78, 87, 93, 91, 78, 97, 80 
Smolice, 117, 107, 111, 87, 79, 78, 86, 88, 84, 75, 80, 91, 60 
Wilczowola, 92, 99, 81, 96, 84, 76, 85, 88, 62, 99, 77, 70 
Zbydniów, 97, 79, 91, 65, 77, 78, 84, 74, 80, 63, 63, 67 
Żarnowo Drugie, 99, 110, 130, 98, 94, 90, 77, 64, 78, 70, 53, 59, 60 
Żukowo, 83, 93, 82, 73, 60, 77, 93, 103, 95, 63, 68, 73, 40 
Aleksandrów, 92, 86, 92, 78, 66, 89, 92, 90, 91, 82, 70, 86, 40, 40
Boćki, 72, 72, 74, 63, 68, 71, 59, 59, 64, 65, 63, 72, 64, 30
Bratian, 72, 77, 79, 65, 66, 68, 72, 77, 76, 79, 57, 67, 40, 40
Cielcza, 88, 74, 85, 77, 80, 92, 82, 84, 89, 65, 75, 77, 40, 40
Czerwińsk nad Wisłą, 88, 85, 80, 85, 79, 59, 92, 85, 78, 85, 67, 56, 40
Domaradz, 92, 92, 92, 75, 87, 92, 92, 92, 92, 74, 61, 92, 40, 40
Egiertowo, 78, 92, 79, 71, 56, 70, 78, 88, 72, 64, 58, 68, 40, 40
Gniechowice, 82, 70, 69, 70, 62, 58, 87, 71, 70, 65, 61, 64, 40 
Jedlińsk, 92, 92, 92, 91, 92, 92, 92, 92, 92, 91, 92, 92, 91
Kleczanów, 92, 92, 92, 86, 82, 84, 92, 91, 86, 92, 88, 87, 84 
Kozienice, 72, 72, 75, 62, 55, 57, 64, 65, 68, 62, 61, 56, 30, 30
Kraczkowa, 92, 92, 92, 92, 92, 92, 92, 92, 92, 84, 75, 92, 40, 40
Libidza, 92, 92, 92, 65, 70, 74, 91, 89, 92, 67, 64, 69, 40, 40
Lubień, 92, 86, 84, 89, 69, 89, 92, 85, 80, 83, 68, 90, 40, 40
Lubliniec, 92, 92, 92, 83, 81, 77, 92, 92, 92, 78, 78, 74, 40
Łąck, 86, 80, 68, 92, 71, 63, 81, 87, 69, 86, 73, 62, 40 
Łuszczów Pierwszy, 92, 85, 92, 86, 66, 79, 87, 79, 75, 69, 61, 71, 40, 40
Małkowo, 92, 92, 88, 85, 71, 72, 92, 92, 92, 82, 81, 88, 40, 82
Mniów, 92, 89, 85, 84, 72, 66, 90, 92, 84, 76, 77, 74, 40
Mokrzeszów, 69, 86, 83, 76, 72, 72, 76, 81, 79, 68, 67, 68, 40
Nowa Wieś, 92, 92, 63, 68, 61, 71, 83, 83, 62, 71, 52, 59, 40 
Nowy Targ, 92, 84, 78, 71, 74, 77, 92, 92, 92, 68, 79, 62, 40, 40 
Ojrzeń, 78, 75, 75, 72, 68, 54, 66, 62, 73, 71, 64, 49 
Opatów, 77, 79, 92, 65, 57, 91, 78, 77, 92, 60, 53, 92, 40, 40
Ostrów Wielkopolski, 76, 82, 69, 60, 60, 92, 77, 81, 80, 79, 59, 65, 40
Ostrówek, 91, 81, 81, 72, 75, 65, 92, 81, 85, 58, 62, 69, 40 
Ożarów, 80, 92, 91, 71, 60, 75, 73, 82, 64, 69, 60, 70, 40
Pawłowice, 92, 92, 92, 91, 92, 92, 90, 92, 92, 92, 92, 77, 91
Polichna, 92, 86, 51, 83, 56, 49, 92, 81, 50, 73, 52, 48, 40 
Przasnysz, 74, 92, 89, 83, 57, 75, 67, 82, 73, 72, 56, 70, 40
Przerzeczyn Zdrój, 85, 76, 80, 64, 58, 73, 92, 81, 92, 70, 71, 75, 40
Przytoczno, 92, 92, 92, 86, 87, 85, 92, 92, 85, 70, 63, 67, 86 
Samborowo, 63, 62, 74, 60, 51, 68, 57, 55, 68, 50, 57, 58, 30, 30
Sławno, 92, 92, 92, 92, 92, 92, 92, 92, 92, 92, 91, 92, 91
Słupca, 88, 88, 87, 65, 87, 86, 88, 92, 88, 71, 92, 78, 40, 40
Smolice, 92, 92, 92, 88, 92, 89, 92, 92, 92, 61, 63, 67, 89 
Wilczowola, 87, 92, 75, 87, 59, 71, 77, 87, 74, 67, 55, 62, 40, 40 
Zbydniów, 82, 70, 78, 68, 65, 72, 80, 71, 78, 64, 59, 67, 40, 40
Żarnowo Drugie, 82, 75, 92, 82, 73, 91, 81, 71, 78, 72, 55, 57, 40
Żukowo, 75, 86, 77, 61, 60, 78, 65, 92, 88, 57, 59, 74, 40, 40
Aleksandrów, 96, 92, 91, 77, 70, 78, 102, 89, 88, 90, 72, 80 
Boćki, 70, 70, 67, 69, 69, 68, 68, 68, 63, 62, 63, 66 
Bratian, 78, 79, 82, 69, 74, 63, 77, 73, 74, 67, 59, 65, 40, 40
Cielcza, 82, 89, 85, 65, 81, 76, 88, 86, 90, 74, 92, 84, 40, 40
Czerwińsk nad Wisłą, 86, 86, 82, 87, 81, 60, 84, 80, 80, 78, 71, 58 
Domaradz, 98, 94, 99, 81, 67, 100, 102, 101, 97, 90, 65, 89
Egiertowo, 73, 77, 71, 62, 75, 67, 66, 78, 65, 61, 57, 62
Gniechowice, 80, 68, 63, 69, 62, 59, 81, 71, 66, 64, 58, 55 
Jedlińsk, 102, 102, 102, 102, 95, 102, 102, 102, 102, 94, 98, 91, 96
Kleczanów, 88, 86, 84, 91, 77, 77, 88, 85, 84, 91, 83, 78, 80
Kozienice, 69, 69, 70, 60, 55, 55, 62, 63, 63, 65, 61, 66, 30
Kraczkowa, 102, 102, 102, 92, 81, 102, 102, 102, 98, 90, 89, 98, 90
Libidza, 95, 95, 100, 76, 65, 69, 90, 92, 96, 75, 70, 75 
Lubień, 97, 82, 76, 81, 67, 78, 90, 76, 75, 77, 66, 71 
Lubliniec, 90, 94, 93, 81, 81, 78, 86, 88, 93, 79, 83, 76, 40, 40
Łąck, 79, 73, 64, 90, 74, 61, 85, 74, 65, 93, 76, 60, 40 
Łuszczów Pierwszy, 84, 72, 71, 77, 69, 72, 81, 76, 72, 77, 66, 69, 40, 40
Małkowo, 82, 77, 72, 85, 85, 95, 87, 79, 76, 70, 70, 75, 40, 40
Mniów, 93, 99, 85, 81, 84, 78, 100, 96, 86, 83, 79, 77 
Mokrzeszów, 71, 81, 72, 66, 71, 66, 76, 82, 75, 73, 83, 81, 40, 74
Nowa Wieś, 82, 81, 77, 71, 51, 66, 81, 81, 75, 84, 54, 63, 40, 40
Nowy Targ, 84, 74, 71, 62, 66, 59, 83, 76, 78, 68, 67, 61 
Ojrzeń, 69, 65, 72, 73, 61, 51, 64, 66, 75, 62, 63, 49, 30
Opatów, 81, 75, 81, 61, 53, 85, 76, 73, 78, 68, 60, 95, 40
Ostrów Wielkopolski, 71, 67, 67, 60, 57, 65, 73, 75, 77, 68, 71, 73, 30, 68
Ostrówek, 94, 76, 81, 67, 71, 65, 94, 82, 78, 74, 79, 64, 40 
Ożarów, 80, 96, 84, 67, 67, 78, 83, 101, 82, 71, 68, 70 
Pawłowice, 102, 102, 102, 97, 102, 84, 82, 90, 97, 83, 89, 74 
Polichna, 95, 71, 48, 68, 58, 46, 91, 67, 41, 76, 62, 41, 40 
Przasnysz, 80, 98, 83, 67, 59, 70, 65, 83, 79, 67, 59, 70 
Przerzeczyn Zdrój, 87, 77, 82, 66, 65, 73, 86, 77, 84, 74, 72, 77, 40, 75 
Przytoczno, 92, 93, 80, 81, 76, 78, 88, 83, 77, 75, 74, 82, 40, 75
Samborowo, 56, 55, 75, 53, 61, 69, 59, 59, 80, 51, 54, 62, 30
Sławno, 102, 102, 102, 102, 89, 98, 99, 91, 87, 87, 84, 88, 90
Słupca, 85, 76, 74, 66, 75, 63, 79, 80, 77, 61, 71, 65, 40, 40
Smolice, 91, 90, 85, 82, 72, 70, 95, 91, 81, 66, 67, 64, 40, 40 
Wilczowola, 70, 82, 74, 84, 68, 65, 67, 76, 65, 83, 79, 69, 40, 40
Zbydniów, 77, 66, 73, 62, 64, 69, 73, 62, 72, 63, 60, 68, 40
Żarnowo Drugie, 82, 76, 90, 83, 74, 75, 82, 77, 90, 68, 68, 67 
Żukowo, 67, 74, 68, 55, 58, 73, 77, 81, 75, 53, 56, 64, 40
Aleksandrów, 66, 53, 60, 56, 41, 56, 76, 68, 65, 69, 50, 67, 30
Boćki, 22, 30, 37, 25, 23, 32, 0, 0, 50, 0, 0, 49, 15, 20
Bratian, 34, 40, 47, 33, 34, 40, 0, 0, 46, 47, 0, 0, 20
Cielcza, 36, 41, 48, 39, 43, 50, 29, 0, 81, 46, 55, 56 
Czerwińsk nad Wisłą, 45, 26, 22, 39, 36, 38, 0, 73, 0, 16, 0, 0, 20, 30
Domaradz, 45, 77, 72, 44, 46, 63, 61, 0, 0, 67, 0, 0, 40
Egiertowo, 34, 32, 45, 35, 28, 49, 0, 0, 0, 55, 0, 0, 20
Gniechowice, 38, 17, 26, 29, 22, 21, 38, 32, 31, 0, 34, 17, 15
Jedlińsk, 76, 51, 71, 69, 17, 73, 68, 63, 72, 0, 71, 83, 40
Kleczanów, 43, 58, 39, 27, 29, 44, 0, 0, 0, 47, 0, 0, 30 
Kozienice, 29, 30, 28, 23, 30, 26, 14, 15, 0, 0, 0, 27, 15
Kraczkowa, 71, 61, 46, 51, 32, 57, 14, 77, 70, 32, 34, 0, 40
Libidza, 43, 46, 35, 36, 42, 41, 66, 55, 38, 43, 21, 26, 20
Lubień, 61, 48, 53, 40, 36, 49, 80, 0, 64, 39, 37, 49, 30, 40
Lubliniec, 73, 50, 64, 62, 48, 41, 0, 84, 0, 64, 53, 0 
Łąck, 57, 38, 33, 50, 34, 27, 70, 0, 46, 55, 0, 47, 30
Łuszczów Pierwszy, 34, 40, 45, 42, 37, 46, 45, 25, 40, 0, 59, 64, 20, 30
Małkowo, 61, 39, 14, 41, 27, 11, 60, 55, 28, 47, 40, 0, 30 
Mniów, 45, 42, 42, 28, 39, 37, 54, 0, 47, 0, 50, 53, 20
Mokrzeszów, 43, 45, 40, 27, 42, 40, 0, 0, 0, 0, 0, 0, 20, 0
Nowa Wieś, 37, 37, 37, 32, 31, 36, 0, 0, 19, 0, 23, 0
Nowy Targ, 44, 32, 39, 36, 34, 38, 0, 0, 0, 52, 59, 50, 20
Ojrzeń, 16, 28, 37, 30, 26, 31, 0, 0, 0, 0, 0, 0, 15, 0
Opatów, 41, 43, 33, 35, 25, 31, 0, 0, 0, 35, 11, 6, 20 
Ostrów Wielkopolski, 30, 30, 26, 29, 33, 34, 19, 19, 18, 0, 48, 48, 15
Ostrówek, 44, 34, 48, 37, 35, 44, 0, 0, 0, 0, 6, 42, 20
Ożarów, 30, 33, 31, 39, 39, 43, 0, 0, 0, 0, 49, 0, 20
Pawłowice, 60, 55, 24, 58, 52, 49, 58, 82, 0, 74, 0, 57, 30, 40
Polichna, 40, 34, 27, 41, 25, 24, 0, 0, 33, 46, 0, 34 
Przasnysz, 32, 34, 36, 32, 27, 32, 46, 59, 59, 28, 63, 0, 15
Przerzeczyn Zdrój, 30, 37, 47, 39, 35, 44, 0, 0, 40, 0, 0, 42, 20, 15
Przytoczno, 20, 31, 23, 23, 54, 25, 0, 0, 0, 0, 91, 0, 40
Samborowo, 19, 38, 24, 24, 13, 18, 47, 47, 0, 0, 10, 12, 15 
Sławno, 81, 60, 55, 55, 47, 56, 0, 0, 0, 0, 0, 0 
Słupca, 36, 50, 44, 40, 50, 42, 0, 0, 69, 0, 66, 51, 30 
Smolice, 40, 17, 46, 23, 20, 41, 62, 0, 0, 39, 33, 46, 20
Wilczowola, 22, 23, 23, 31, 22, 22, 0, 0, 0, 0, 0, 0, 15 
Zbydniów, 33, 30, 46, 25, 27, 34, 0, 0, 0, 0, 0, 0, 20, 0
Żarnowo Drugie, 30, 34, 35, 35, 29, 29, 0, 0, 0, 0, 0, 0, 15, 0
Żukowo, 44, 33, 51, 34, 36, 39, 38, 12, 15, 0, 0, 9 
Aleksandrów, 65, 57, 59, 52, 42, 59, 77, 64, 67, 59, 48, 65, 30, 40
Boćki, 48, 48, 49, 43, 41, 48, 51, 51, 51, 47, 47, 53, 42
Bratian, 51, 58, 58, 44, 39, 48, 58, 63, 60, 50, 46, 55, 30, 30
Cielcza, 50, 50, 55, 39, 48, 55, 57, 60, 69, 44, 55, 64, 30
Czerwińsk nad Wisłą, 56, 44, 47, 50, 44, 41, 60, 53, 53, 56, 50, 48, 30
Domaradz, 79, 75, 79, 57, 47, 76, 93, 90, 90, 60, 49, 82, 40
Egiertowo, 48, 56, 54, 40, 39, 52, 54, 63, 61, 46, 43, 57, 30
Gniechowice, 50, 39, 47, 40, 33, 38, 64, 50, 53, 49, 39, 45 
Jedlińsk, 82, 81, 82, 75, 55, 81, 83, 90, 87, 77, 63, 80, 40
Kleczanów, 64, 60, 57, 49, 47, 54, 81, 76, 71, 60, 51, 59, 30, 40 
Kozienice, 43, 44, 41, 41, 40, 39, 49, 50, 45, 44, 44, 44
Kraczkowa, 79, 63, 68, 59, 46, 72, 85, 74, 78, 61, 50, 75, 40, 40
Libidza, 57, 63, 70, 42, 47, 51, 68, 73, 77, 48, 51, 56, 30
Lubień, 68, 57, 58, 48, 39, 55, 80, 67, 65, 54, 44, 61, 30
Lubliniec, 82, 72, 75, 66, 53, 56, 81, 81, 75, 72, 59, 61 
Łąck, 57, 49, 41, 58, 43, 36, 66, 60, 52, 70, 53, 48, 30 
Łuszczów Pierwszy, 57, 52, 52, 47, 40, 50, 75, 69, 69, 53, 46, 56, 30
Małkowo, 69, 52, 41, 50, 36, 37, 83, 71, 63, 63, 47, 54, 40 
Mniów, 67, 60, 51, 52, 43, 43, 71, 70, 58, 58, 51, 51, 30 
Mokrzeszów, 50, 57, 59, 46, 48, 52, 61, 70, 69, 51, 52, 56, 30
Nowa Wieś, 53, 53, 44, 44, 36, 41, 59, 58, 52, 49, 41, 50, 30
Nowy Targ, 59, 52, 52, 40, 41, 39, 70, 61, 59, 48, 50, 48, 30 
Ojrzeń, 44, 41, 54, 43, 42, 38, 53, 50, 64, 48, 48, 43 
Opatów, 54, 53, 56, 41, 33, 54, 59, 61, 68, 45, 39, 62, 30
Ostrów Wielkopolski, 44, 44, 43, 36, 39, 43, 56, 55, 55, 45, 46, 54, 20
Ostrówek, 58, 49, 59, 44, 46, 50, 62, 54, 64, 44, 48, 52, 30, 30
Ożarów, 57, 68, 53, 42, 41, 47, 65, 76, 65, 49, 47, 58, 30
Pawłowice, 79, 81, 71, 65, 63, 57, 76, 81, 76, 62, 63, 57, 40, 40
Polichna, 60, 52, 38, 42, 33, 38, 68, 56, 38, 49, 37, 39, 30
Przasnysz, 49, 56, 57, 43, 41, 51, 54, 60, 60, 46, 44, 55, 30
Przerzeczyn Zdrój, 56, 50, 55, 41, 39, 50, 67, 59, 63, 43, 43, 54, 30
Przytoczno, 75, 64, 54, 53, 44, 51, 79, 71, 64, 57, 48, 55, 30
Samborowo, 43, 43, 53, 39, 38, 47, 46, 44, 61, 47, 42, 51, 30
Sławno, 98, 87, 71, 71, 59, 79, 98, 91, 69, 69, 59, 81 
Słupca, 59, 60, 53, 44, 52, 47, 62, 65, 58, 45, 56, 53, 30 
Smolice, 61, 53, 51, 48, 45, 45, 72, 63, 60, 51, 47, 49, 30 
Wilczowola, 55, 58, 54, 48, 42, 50, 60, 64, 56, 50, 45, 55, 30, 30
Zbydniów, 57, 48, 54, 44, 43, 51, 67, 57, 63, 50, 47, 57, 30
Żarnowo Drugie, 51, 46, 58, 51, 49, 53, 63, 54, 73, 50, 49, 53, 30
Żukowo, 52, 55, 55, 40, 39, 49, 61, 65, 56, 46, 45, 58, 30
Aleksandrów, 65, 55, 59, 52, 42, 59, 79, 68, 68, 60, 47, 65, 30, 40
Boćki, 49, 50, 49, 44, 42, 49, 58, 58, 52, 48, 46, 50, 44, 30
Bratian, 51, 58, 58, 45, 39, 48, 57, 62, 64, 54, 47, 61, 30, 30
Cielcza, 51, 50, 55, 40, 47, 55, 59, 59, 68, 47, 54, 65, 30
Czerwińsk nad Wisłą, 56, 44, 47, 49, 43, 40, 73, 61, 62, 53, 46, 42 
Domaradz, 78, 74, 77, 57, 46, 75, 85, 83, 85, 62, 50, 82, 40, 40
Egiertowo, 48, 47, 53, 40, 34, 51, 62, 59, 56, 44, 38, 55, 30
Gniechowice, 49, 39, 46, 39, 32, 39, 60, 47, 52, 50, 43, 47 
Jedlińsk, 86, 72, 81, 75, 50, 81, 87, 88, 86, 74, 61, 79, 40, 40
Kleczanów, 62, 57, 54, 49, 46, 54, 67, 66, 69, 56, 52, 58, 30
Kozienice, 43, 44, 41, 41, 39, 38, 49, 50, 50, 48, 46, 47, 39, 46
Kraczkowa, 88, 71, 76, 64, 48, 78, 84, 68, 73, 64, 51, 75, 40
Libidza, 56, 64, 71, 42, 46, 51, 64, 70, 79, 47, 53, 57, 40
Lubień, 67, 57, 57, 48, 40, 55, 78, 68, 66, 54, 45, 62, 30
Lubliniec, 83, 67, 75, 63, 51, 57, 82, 83, 80, 70, 49, 60, 40, 40 
Łąck, 56, 48, 42, 57, 43, 37, 65, 63, 54, 66, 56, 47 
Łuszczów Pierwszy, 56, 52, 51, 46, 40, 50, 69, 66, 63, 50, 43, 56, 30
Małkowo, 70, 52, 42, 50, 38, 38, 84, 70, 63, 65, 48, 52, 40 
Mniów, 66, 60, 51, 52, 44, 43, 68, 65, 57, 58, 51, 52, 30
Mokrzeszów, 50, 57, 57, 46, 47, 52, 61, 67, 66, 54, 52, 57, 30
Nowa Wieś, 53, 52, 43, 44, 35, 41, 62, 62, 54, 50, 38, 46, 30 
Nowy Targ, 58, 52, 51, 40, 40, 39, 69, 62, 60, 48, 52, 49, 30 
Ojrzeń, 43, 40, 54, 43, 42, 38, 57, 51, 59, 49, 45, 41 
Opatów, 55, 53, 56, 41, 34, 54, 60, 65, 71, 47, 41, 65, 30
Ostrów Wielkopolski, 44, 44, 43, 37, 39, 44, 52, 53, 55, 46, 47, 55, 38
Ostrówek, 59, 50, 60, 43, 46, 50, 65, 53, 63, 45, 49, 52, 30, 30
Ożarów, 56, 69, 55, 42, 41, 47, 61, 75, 59, 46, 49, 58, 30
Pawłowice, 81, 83, 57, 69, 65, 60, 80, 82, 62, 63, 67, 55 
Polichna, 60, 51, 36, 43, 33, 38, 62, 59, 37, 52, 37, 39, 30
Przasnysz, 50, 58, 59, 43, 41, 53, 54, 71, 66, 45, 43, 65, 30
Przerzeczyn Zdrój, 56, 49, 54, 41, 39, 51, 68, 61, 67, 46, 44, 57, 30
Przytoczno, 65, 64, 55, 50, 43, 51, 79, 73, 62, 52, 52, 59, 30, 40 
Samborowo, 43, 42, 52, 38, 37, 46, 39, 37, 50, 47, 33, 48
Sławno, 95, 86, 70, 70, 59, 79, 102, 95, 70, 70, 67, 80, 40
Słupca, 57, 60, 54, 44, 52, 48, 60, 66, 61, 45, 55, 52, 30, 30
Smolice, 64, 58, 57, 47, 47, 48, 73, 66, 58, 53, 53, 54, 30
Wilczowola, 56, 57, 54, 50, 42, 49, 61, 59, 50, 65, 53, 55, 30
Zbydniów, 58, 49, 56, 43, 43, 51, 63, 56, 62, 46, 46, 55, 30, 30
Żarnowo Drugie, 51, 46, 57, 52, 48, 55, 63, 54, 70, 55, 52, 54, 30
Żukowo, 51, 55, 53, 40, 39, 48, 74, 65, 56, 43, 45, 52, 30
Aleksandrów, 65, 57, 59, 53, 43, 57, 73, 66, 66, 60, 49, 65, 30
Boćki, 50, 50, 47, 42, 43, 46, 52, 52, 55, 49, 48, 52, 42 
Bratian, 51, 58, 57, 45, 39, 48, 56, 57, 57, 50, 42, 54, 30
Cielcza, 53, 51, 55, 41, 50, 52, 60, 60, 67, 47, 57, 62, 30
Czerwińsk nad Wisłą, 57, 45, 45, 51, 45, 39, 66, 58, 56, 55, 52, 43 
Domaradz, 75, 71, 73, 58, 49, 72, 86, 82, 78, 62, 50, 74, 30, 40
Egiertowo, 47, 51, 49, 39, 34, 49, 55, 56, 56, 46, 41, 56
Gniechowice, 50, 38, 46, 40, 32, 37, 65, 43, 54, 47, 41, 46 
Jedlińsk, 78, 68, 73, 69, 50, 74, 78, 84, 77, 72, 61, 74, 40, 40
Kleczanów, 61, 59, 55, 51, 48, 52, 75, 73, 66, 61, 55, 63, 30
Kozienice, 43, 44, 41, 42, 39, 38, 50, 51, 49, 47, 48, 46, 47
Kraczkowa, 76, 68, 75, 59, 48, 72, 82, 72, 76, 59, 49, 74, 40
Libidza, 57, 60, 67, 42, 46, 50, 70, 69, 74, 48, 52, 56, 30 
Lubień, 66, 56, 55, 49, 40, 54, 74, 62, 61, 54, 45, 61, 30
Lubliniec, 76, 69, 74, 63, 54, 56, 79, 76, 82, 67, 58, 60, 40 
Łąck, 58, 49, 41, 60, 44, 37, 67, 62, 52, 67, 52, 45, 30 
Łuszczów Pierwszy, 54, 49, 50, 49, 41, 49, 69, 58, 55, 53, 46, 53, 30
Małkowo, 66, 52, 42, 49, 37, 37, 83, 72, 66, 64, 45, 52, 30 
Mniów, 68, 61, 50, 52, 44, 43, 69, 67, 57, 58, 52, 54, 30 
Mokrzeszów, 49, 54, 54, 47, 46, 49, 58, 63, 61, 52, 53, 54, 46
Nowa Wieś, 52, 51, 44, 46, 35, 41, 66, 65, 51, 52, 40, 45, 30 
Nowy Targ, 60, 53, 52, 40, 41, 39, 72, 63, 60, 48, 49, 46, 30 
Ojrzeń, 42, 41, 50, 41, 42, 36, 49, 46, 59, 50, 46, 37 
Opatów, 53, 53, 56, 41, 33, 55, 58, 61, 68, 46, 37, 62, 30
Ostrów Wielkopolski, 45, 44, 41, 37, 39, 43, 58, 51, 55, 46, 45, 51, 20
Ostrówek, 59, 48, 57, 44, 47, 48, 67, 57, 63, 50, 53, 52, 30
Ożarów, 56, 66, 52, 43, 41, 47, 59, 70, 58, 48, 45, 53, 30 
Pawłowice, 72, 75, 62, 65, 65, 55, 67, 72, 59, 66, 70, 57, 30, 30
Polichna, 59, 50, 36, 43, 33, 35, 65, 56, 35, 50, 37, 38, 30 
Przasnysz, 49, 58, 55, 44, 43, 50, 52, 59, 56, 51, 45, 55, 30, 30
Przerzeczyn Zdrój, 57, 49, 52, 41, 40, 49, 68, 60, 61, 43, 42, 54, 30
Przytoczno, 69, 62, 53, 52, 44, 52, 79, 74, 67, 52, 46, 56, 30
Samborowo, 42, 42, 53, 39, 38, 45, 44, 43, 56, 41, 42, 49
Sławno, 88, 80, 68, 68, 60, 73, 92, 83, 71, 71, 62, 74, 40, 40
Słupca, 57, 60, 54, 45, 55, 48, 63, 64, 58, 47, 59, 52, 30, 30
Smolice, 61, 57, 55, 49, 50, 48, 72, 68, 66, 48, 50, 57, 30
Wilczowola, 53, 56, 53, 49, 42, 49, 57, 59, 56, 53, 44, 50, 30
Zbydniów, 56, 46, 52, 45, 42, 50, 62, 52, 61, 47, 48, 55, 30
Żarnowo Drugie, 53, 48, 59, 50, 51, 53, 59, 57, 78, 58, 51, 51, 30, 40
Żukowo, 50, 55, 52, 40, 40, 48, 59, 66, 61, 41, 44, 54, 30
Aleksandrów, 67, 58, 60, 55, 44, 58, 75, 68, 67, 62, 50, 65, 30, 30
Boćki, 50, 50, 49, 47, 45, 49, 53, 53, 51, 50, 50, 51, 46 
Bratian, 53, 55, 56, 46, 41, 48, 57, 58, 58, 50, 43, 51, 30
Cielcza, 55, 54, 56, 44, 51, 52, 64, 63, 69, 50, 59, 61, 30
Czerwińsk nad Wisłą, 58, 47, 47, 55, 48, 41, 65, 56, 55, 60, 53, 44, 30 
Domaradz, 75, 71, 72, 61, 50, 71, 80, 76, 76, 63, 52, 69, 40
Egiertowo, 48, 55, 51, 41, 41, 51, 51, 63, 55, 43, 41, 53, 30
Gniechowice, 53, 42, 45, 43, 35, 37, 60, 51, 50, 52, 41, 44 
Jedlińsk, 71, 58, 68, 67, 47, 69, 75, 80, 74, 72, 63, 73, 40
Kleczanów, 65, 61, 57, 55, 51, 54, 75, 71, 66, 62, 56, 60, 30
Kozienice, 45, 46, 43, 43, 40, 41, 48, 49, 51, 47, 46, 46, 47
Kraczkowa, 77, 64, 67, 58, 48, 69, 79, 69, 70, 61, 53, 70, 40, 40
Libidza, 59, 62, 68, 46, 48, 51, 65, 70, 75, 52, 54, 58, 30
Lubień, 66, 56, 55, 51, 42, 52, 69, 59, 57, 57, 47, 57, 30
Lubliniec, 73, 74, 77, 64, 58, 58, 76, 76, 79, 68, 62, 62, 40 
Łąck, 59, 51, 42, 60, 47, 38, 64, 58, 48, 66, 54, 44, 30
Łuszczów Pierwszy, 55, 50, 51, 50, 44, 50, 71, 63, 60, 55, 49, 52, 30
Małkowo, 62, 50, 39, 49, 41, 36, 66, 59, 55, 57, 52, 54, 30 
Mniów, 66, 62, 53, 54, 48, 46, 66, 66, 57, 57, 55, 54, 30 
Mokrzeszów, 50, 55, 53, 48, 48, 48, 56, 61, 58, 55, 53, 53, 54
Nowa Wieś, 56, 55, 47, 48, 33, 43, 63, 62, 56, 54, 40, 48, 30
Nowy Targ, 61, 54, 52, 43, 43, 41, 61, 53, 55, 49, 51, 49, 30 
Ojrzeń, 43, 42, 50, 45, 44, 36, 50, 52, 55, 50, 49, 38 
Opatów, 53, 54, 58, 42, 36, 58, 56, 58, 64, 44, 40, 67, 30
Ostrów Wielkopolski, 45, 44, 41, 38, 40, 43, 56, 54, 53, 49, 49, 54, 50
Ostrówek, 59, 50, 57, 46, 48, 49, 67, 56, 60, 51, 53, 50, 30
Ożarów, 56, 67, 54, 45, 45, 49, 58, 70, 58, 48, 49, 54, 30 
Pawłowice, 68, 73, 70, 65, 66, 54, 65, 73, 72, 65, 69, 55, 30, 30
Polichna, 58, 51, 33, 47, 36, 33, 60, 51, 32, 51, 39, 32, 30
Przasnysz, 52, 61, 57, 47, 46, 51, 57, 65, 58, 53, 49, 57, 30, 30
Przerzeczyn Zdrój, 59, 52, 52, 45, 43, 48, 64, 57, 58, 47, 46, 55, 30, 30
Przytoczno, 72, 64, 57, 56, 47, 54, 69, 64, 56, 58, 51, 59, 30, 30
Samborowo, 43, 43, 51, 39, 39, 46, 45, 43, 54, 42, 43, 48
Sławno, 86, 77, 68, 68, 61, 69, 85, 79, 67, 67, 62, 70, 40
Słupca, 55, 56, 52, 45, 53, 48, 58, 59, 55, 46, 54, 49, 30
Smolice, 64, 60, 57, 52, 52, 49, 68, 65, 63, 56, 57, 51, 30
Wilczowola, 52, 57, 53, 54, 46, 49, 54, 58, 53, 58, 50, 51, 50
Zbydniów, 57, 47, 53, 45, 45, 50, 61, 52, 59, 46, 47, 53, 30
Żarnowo Drugie, 57, 49, 61, 55, 52, 54, 66, 61, 72, 61, 57, 58, 30
Żukowo, 52, 53, 51, 40, 41, 48, 56, 58, 51, 41, 43, 51, 30
