Aleksandrów, 93, 67, 85, 75, 7, 80, 40
Boćki, 10, 18, 17, 6, 2, 14, 8
Bratian, 18, 29, 56, 6, 4, 8
Cielcza, 20, 25, 0, 5, 23, 0
Czerwińsk nad Wisłą, 41, 6, 5, 24, 4, 5, 20
Domaradz, 19, 62, 60, 3, 0, 33 
Egiertowo, 16, 24, 37, 4, 3, 56, 20
Gniechowice, 26, 4, 12, 2, 0, 1
Jedlińsk, 2, 13, 6, 3, 1, 14, 6
Kleczanów, 33, 60, 33, 13, 7, 47, 30 
Kozienice, 0, 0, 0, 11, 6, 0
Kraczkowa, 36, 92, 6, 8, 11, 34, 40
Libidza, 50, 47, 33, 5, 15, 29 
Lubień, 81, 59, 67, 15, 3, 48 
Lubliniec, 50, 0, 0, 10, 15, 10, 20
Łąck, 69, 17, 5, 55, 8, 1, 30
Łuszczów Pierwszy, 30, 17, 31, 23, 3, 27, 15
Małkowo, 47, 19, 2, 12, 1, 1, 20
Mniów, 42, 33, 29, 0, 13, 14, 20
Mokrzeszów, 38, 54, 50, 0, 15, 35 
Nowa Wieś, 24, 24, 10, 9, 4, 5 
Nowy Targ, 45, 23, 30, 5, 4, 4, 20
Ojrzeń, 1, 0, 37, 16, 3, 0, 15
Opatów, 26, 31, 13, 6, 0, 10, 15 
Ostrów Wielkopolski, 9, 5, 3, 1, 6, 6 
Ostrówek, 36, 12, 61, 6, 15, 33, 30
Ożarów, 27, 36, 22, 6, 7, 28, 15
Pawłowice, 0, 0, 0, 24, 14, 0
Polichna, 47, 48, 0, 16, 4, 0
Przasnysz, 0, 0, 0, 0, 0, 0, 0
Przerzeczyn Zdrój, 25, 29, 39, 6, 0, 28 
Przytoczno, 8, 20, 0, 0, 70, 0, 30
Samborowo, 7, 6, 7, 0, 0, 7, 3
Sławno, 71, 47, 80, 76, 49, 67, 40
Słupca, 66, 69, 55, 7, 40, 19, 30
Smolice, 55, 4, 52, 3, 3, 36 
Wilczowola, 5, 9, 9, 11, 4, 12, 6
Zbydniów, 40, 14, 32, 15, 3, 15, 20
Żarnowo Drugie, 17, 22, 43, 7, 0, 8, 20
Żukowo, 34, 20, 42, 0, 3, 20, 20
Aleksandrów, 93, 76, 85, 51, 6, 85, 40
Boćki, 37, 37, 37, 13, 7, 35
Bratian, 56, 84, 83, 16, 3, 34, 40
Cielcza, 56, 49, 0, 5, 33, 0
Czerwińsk nad Wisłą, 68, 26, 34, 44, 15, 8
Domaradz, 71, 56, 73, 6, 0, 64
Egiertowo, 40, 70, 62, 8, 5, 57
Gniechowice, 49, 16, 39, 8, 1, 7
Jedlińsk, 13, 22, 9, 7, 1, 6, 10
Kleczanów, 80, 69, 66, 40, 27, 65, 40
Kozienice, 14, 15, 13, 7, 4, 5
Kraczkowa, 73, 91, 35, 13, 19, 52, 40
Libidza, 71, 91, 95, 10, 31, 51, 40 
Lubień, 93, 74, 83, 29, 8, 72, 40
Lubliniec, 25, 14, 18, 4, 7, 11
Łąck, 72, 38, 15, 75, 19, 4
Łuszczów Pierwszy, 73, 53, 50, 30, 5, 42
Małkowo, 91, 56, 27, 55, 9, 12, 40 
Mniów, 93, 80, 45, 51, 14, 15, 40
Mokrzeszów, 49, 78, 83, 26, 32, 58, 40 
Nowa Wieś, 56, 53, 25, 14, 0, 14
Nowy Targ, 82, 61, 60, 8, 6, 4, 40
Ojrzeń, 23, 15, 66, 13, 12, 4, 30
Opatów, 66, 64, 70, 10, 1, 64, 30
Ostrów Wielkopolski, 25, 21, 21, 4, 4, 17 
Ostrówek, 80, 43, 87, 13, 25, 47, 40 
Ożarów, 73, 92, 57, 8, 3, 29, 40
Pawłowice, 20, 23, 17, 29, 11, 8, 15
Polichna, 84, 88, 2, 13, 7, 2, 40
Przasnysz, 0, 1, 2, 0, 0, 0, 1
Przerzeczyn Zdrój, 76, 41, 71, 8, 3, 50
Przytoczno, 93, 83, 58, 51, 13, 49, 40 
Samborowo, 16, 14, 56, 5, 3, 29 
Sławno, 99, 95, 100, 96, 77, 99
Słupca, 83, 84, 62, 16, 59, 30, 40
Smolice, 79, 58, 47, 33, 28, 32, 40
Wilczowola, 67, 73, 64, 36, 9, 46
Zbydniów, 92, 41, 68, 68, 10, 54, 40 
Żarnowo Drugie, 44, 24, 71, 49, 40, 55
Żukowo, 56, 69, 65, 6, 4, 43
Aleksandrów, 93, 71, 85, 50, 5, 85, 40
Boćki, 46, 46, 42, 15, 10, 36, 20
Bratian, 57, 83, 78, 20, 2, 33, 40
Cielcza, 60, 46, 1, 7, 32, 0, 30
Czerwińsk nad Wisłą, 68, 25, 38, 41, 13, 8
Domaradz, 71, 55, 69, 6, 1, 63, 30
Egiertowo, 38, 37, 56, 8, 2, 53
Gniechowice, 45, 13, 35, 7, 2, 8, 20
Jedlińsk, 16, 14, 8, 7, 0, 6, 8
Kleczanów, 76, 64, 58, 40, 28, 66
Kozienice, 14, 18, 13, 8, 3, 5, 8
Kraczkowa, 85, 95, 63, 29, 36, 74, 40
Libidza, 68, 89, 94, 10, 31, 51, 40 
Lubień, 92, 75, 82, 34, 10, 72, 40
Lubliniec, 29, 13, 19, 0, 5, 9, 15
Łąck, 69, 36, 17, 72, 18, 4
Łuszczów Pierwszy, 70, 55, 51, 29, 5, 42
Małkowo, 89, 50, 26, 52, 12, 12, 40 
Mniów, 91, 78, 45, 53, 14, 15, 40
Mokrzeszów, 45, 76, 76, 29, 30, 54, 40 
Nowa Wieś, 53, 50, 23, 13, 1, 12
Nowy Targ, 79, 54, 51, 8, 6, 5, 40
Ojrzeń, 21, 14, 64, 12, 11, 6, 30
Opatów, 68, 62, 66, 10, 1, 61, 30
Ostrów Wielkopolski, 26, 21, 21, 5, 5, 18 
Ostrówek, 82, 43, 87, 13, 25, 46, 40 
Ożarów, 66, 91, 61, 9, 6, 30, 40
Pawłowice, 30, 31, 11, 43, 22, 18, 20
Polichna, 82, 88, 1, 18, 10, 2, 40
Przasnysz, 0, 3, 3, 0, 0, 0, 1
Przerzeczyn Zdrój, 77, 40, 69, 8, 3, 51, 40
Przytoczno, 79, 80, 62, 47, 10, 51, 40
Samborowo, 17, 15, 55, 3, 3, 24
Sławno, 97, 97, 99, 93, 77, 99
Słupca, 80, 86, 65, 18, 61, 33, 40
Smolice, 86, 66, 61, 26, 31, 44, 40
Wilczowola, 68, 70, 52, 46, 10, 45
Zbydniów, 92, 39, 73, 70, 10, 55, 40 
Żarnowo Drugie, 46, 28, 72, 53, 39, 65
Żukowo, 60, 70, 59, 5, 3, 42
Aleksandrów, 95, 76, 83, 60, 10, 83, 40
Boćki, 44, 44, 36, 12, 8, 26, 20
Bratian, 61, 83, 79, 18, 1, 34, 40
Cielcza, 63, 56, 9, 6, 48, 2, 30
Czerwińsk nad Wisłą, 70, 32, 31, 50, 30, 4
Domaradz, 72, 50, 60, 4, 0, 57, 30
Egiertowo, 36, 49, 42, 6, 2, 45
Gniechowice, 54, 18, 33, 7, 1, 2
Jedlińsk, 42, 38, 28, 19, 2, 28 
Kleczanów, 77, 73, 61, 48, 41, 62
Kozienice, 18, 19, 11, 7, 4, 4, 10
Kraczkowa, 69, 93, 60, 14, 30, 55, 40 
Libidza, 74, 80, 88, 13, 30, 50, 40 
Lubień, 94, 73, 76, 39, 7, 68, 40
Lubliniec, 74, 56, 74, 20, 6, 3
Łąck, 78, 42, 16, 82, 23, 5, 40
Łuszczów Pierwszy, 67, 46, 44, 38, 8, 44
Małkowo, 89, 57, 23, 49, 11, 12 
Mniów, 94, 83, 45, 58, 18, 18, 40
Mokrzeszów, 44, 67, 64, 30, 29, 41
Nowa Wieś, 62, 55, 26, 20, 0, 12, 30 
Nowy Targ, 84, 61, 58, 7, 7, 2, 40
Ojrzeń, 22, 12, 57, 13, 15, 1
Opatów, 61, 64, 73, 8, 1, 68, 30
Ostrów Wielkopolski, 27, 17, 13, 4, 3, 15 
Ostrówek, 82, 37, 81, 13, 28, 39, 40
Ożarów, 68, 94, 57, 10, 8, 33, 40
Pawłowice, 56, 64, 43, 28, 21, 7, 30
Polichna, 85, 89, 0, 19, 12, 0, 40
Przasnysz, 0, 9, 7, 1, 0, 1, 4
Przerzeczyn Zdrój, 77, 48, 66, 9, 5, 47, 40 
Przytoczno, 92, 83, 56, 52, 13, 58, 40 
Samborowo, 10, 8, 59, 2, 0, 27
Sławno, 98, 99, 98, 96, 81, 99
Słupca, 79, 80, 62, 17, 73, 31, 40
Smolice, 82, 73, 65, 37, 49, 43, 40
Wilczowola, 58, 69, 58, 39, 8, 45
Zbydniów, 94, 34, 64, 75, 12, 50, 40 
Żarnowo Drugie, 55, 26, 78, 48, 57, 55
Żukowo, 54, 68, 55, 3, 4, 42
Aleksandrów, 96, 79, 87, 69, 14, 87
Boćki, 42, 43, 32, 27, 18, 38, 20
Bratian, 64, 77, 78, 27, 2, 33, 40
Cielcza, 74, 65, 11, 11, 57, 1
Czerwińsk nad Wisłą, 76, 38, 37, 64, 44, 3
Domaradz, 76, 57, 62, 9, 0, 53
Egiertowo, 47, 72, 53, 11, 13, 55
Gniechowice, 64, 30, 24, 18, 4, 1, 30 
Jedlińsk, 21, 26, 16, 12, 2, 14
Kleczanów, 92, 86, 77, 68, 54, 70, 40
Kozienice, 18, 21, 10, 11, 4, 4, 10
Kraczkowa, 73, 93, 37, 10, 36, 38, 40
Libidza, 79, 90, 93, 21, 31, 56, 40 
Lubień, 93, 76, 76, 51, 10, 69, 40
Lubliniec, 70, 77, 85, 18, 10, 3, 40
Łąck, 82, 53, 16, 82, 35, 6, 40
Łuszczów Pierwszy, 69, 52, 51, 52, 20, 49
Małkowo, 88, 56, 22, 55, 20, 15, 40
Mniów, 93, 88, 60, 62, 40, 35, 40
Mokrzeszów, 51, 73, 61, 40, 35, 39
Nowa Wieś, 72, 69, 39, 32, 0, 17
Nowy Targ, 87, 67, 64, 17, 19, 7, 40
Ojrzeń, 24, 17, 50, 24, 21, 0
Opatów, 65, 69, 85, 6, 1, 81
Ostrów Wielkopolski, 24, 16, 15, 6, 6, 14
Ostrówek, 90, 48, 85, 20, 39, 39, 40
Ożarów, 73, 94, 65, 16, 15, 37, 40
Pawłowice, 37, 65, 58, 27, 25, 2, 30
Polichna, 81, 94, 0, 31, 20, 0
Przasnysz, 1, 15, 4, 0, 0, 0
Przerzeczyn Zdrój, 85, 59, 61, 17, 12, 43, 40
Przytoczno, 94, 86, 74, 69, 24, 71, 40
Samborowo, 8, 6, 56, 1, 2, 19
Sławno, 99, 98, 98, 97, 83, 96
Słupca, 75, 74, 61, 19, 65, 34
Smolice, 91, 79, 73, 57, 68, 55, 40 
Wilczowola, 59, 72, 55, 62, 19, 36
Zbydniów, 98, 33, 73, 83, 16, 50
Żarnowo Drugie, 72, 46, 82, 74, 70, 69, 40
Żukowo, 63, 68, 46, 3, 6, 42
