Gietrzwałd, 49, 64, 65, 54, 61, 67
Gorzyce (1), 44, 41, 35, 47, 41, 35, 20
Gorzyce (2), 24, 39, 41, 27, 39, 44, 20
Łosiów, 56, 39, 57, 52, 39, 50
Łuszczów, 51, 67, 49, 49, 56, 61, 30
Polesie, 76, 65, 71, 68, 69, 55, 30
Sochaczew, 31, 65, 66, 33, 61, 59, 30
Szymaki, 67, 69, 67, 55, 62, 56, 30
Tarnowskie Góry, 37, 44, 36, 34, 48, 40 
Warmiaki, 61, 68, 49, 51, 62, 61, 30
Wilcza - Nieborowice, 43, 67, 59, 40, 60, 53, 30
Zabłudów, 45, 60, 50, 44, 64, 52, 30
Gietrzwałd, 55, 71, 71, 60, 68, 73
Gorzyce (1), 50, 47, 43, 53, 46, 43
Gorzyce (2), 31, 44, 45, 34, 44, 49
Łosiów, 64, 45, 67, 60, 44, 57, 30
Łuszczów, 57, 75, 55, 55, 63, 67, 30
Polesie, 83, 70, 80, 75, 74, 62
Sochaczew, 36, 72, 72, 37, 66, 65, 30
Szymaki, 76, 79, 78, 63, 68, 61
Tarnowskie Góry, 42, 51, 41, 40, 54, 46
Warmiaki, 67, 73, 55, 57, 67, 66, 30
Wilcza - Nieborowice, 51, 74, 66, 47, 66, 58, 30
Zabłudów, 52, 70, 57, 50, 72, 58, 30
Gietrzwałd, 58, 76, 75, 64, 73, 78, 40
Gorzyce (1), 54, 50, 46, 57, 49, 47
Gorzyce (2), 35, 48, 49, 38, 47, 53
Łosiów, 70, 48, 73, 65, 46, 62, 30
Łuszczów, 61, 81, 58, 58, 67, 71, 40
Polesie, 88, 75, 85, 80, 78, 66, 40
Sochaczew, 40, 76, 76, 41, 70, 68, 40
Szymaki, 83, 86, 84, 67, 72, 65, 40 
Tarnowskie Góry, 46, 55, 45, 44, 59, 50, 30
Warmiaki, 71, 77, 59, 61, 72, 70, 40
Wilcza - Nieborowice, 56, 80, 71, 51, 71, 62
Zabłudów, 56, 75, 62, 54, 77, 62
Gietrzwałd, 65, 87, 88, 73, 83, 91, 40
Gorzyce (1), 65, 60, 54, 68, 57, 55, 30
Gorzyce (2), 42, 57, 59, 45, 55, 63, 30
Łosiów, 82, 55, 86, 77, 52, 72, 40
Łuszczów, 70, 94, 68, 68, 76, 81, 40
Polesie, 108, 93, 101, 92, 90, 76 
Sochaczew, 49, 85, 85, 50, 80, 77, 40
Szymaki, 98, 101, 99, 77, 81, 74 
Tarnowskie Góry, 56, 64, 52, 52, 69, 58, 30
Warmiaki, 81, 86, 65, 70, 84, 79, 40
Wilcza - Nieborowice, 67, 94, 81, 61, 81, 71, 40
Zabłudów, 65, 88, 71, 63, 87, 70, 40
