Gietrzwałd, 71, 83, 91, 79, 82, 136, 63, 0, 0, 56, 85, 81, 40
Gorzyce (1), 64, 82, 64, 65, 58, 56, 0, 75, 0, 26, 0, 0 
Gorzyce (2), 43, 70, 79, 65, 58, 63, 0, 0, 66, 0, 0, 0, 40
Łosiów, 121, 52, 161, 86, 64, 78, 0, 33, 0, 0, 0, 0, 80, 15
Łuszczów, 93, 103, 95, 77, 73, 87, 64, 0, 0, 0, 0, 0
Polesie, 171, 113, 111, 110, 101, 81, 0, 109, 0, 0, 88, 75, 80
Sochaczew, 62, 121, 108, 63, 92, 82, 48, 0, 80, 54, 78, 90, 60 
Szymaki, 96, 99, 96, 88, 92, 81, 81, 85, 81, 85, 0, 62
Tarnowskie Góry, 56, 77, 60, 60, 93, 71, 0, 82, 59, 48, 69, 0, 40
Warmiaki, 94, 91, 72, 83, 82, 76, 0, 81, 55, 8, 82, 0, 40
Wilcza - Nieborowice, 106, 136, 94, 77, 82, 76, 47, 26, 0, 0, 0, 76, 60 
Zabłudów, 76, 88, 85, 67, 123, 82, 61, 0, 62, 0, 73, 68, 60 
Gietrzwałd, 100, 144, 146, 114, 140, 172, 92, 134, 133, 100, 116, 142, 80, 60
Gorzyce (1), 127, 91, 108, 108, 94, 98, 86, 79, 73, 81, 73, 89, 60
Gorzyce (2), 59, 97, 92, 66, 96, 98, 60, 81, 90, 57, 75, 71, 40
Łosiów, 149, 78, 185, 116, 94, 126, 128, 98, 122, 121, 76, 102, 80 
Łuszczów, 130, 158, 110, 114, 122, 112, 136, 149, 99, 101, 99, 116 
Polesie, 176, 161, 169, 151, 177, 120, 153, 124, 135, 119, 123, 97, 80 
Sochaczew, 85, 153, 161, 89, 124, 130, 68, 124, 135, 66, 114, 107, 80 
Szymaki, 169, 172, 169, 137, 128, 116, 138, 142, 141, 97, 109, 94, 80 
Tarnowskie Góry, 109, 118, 91, 98, 113, 104, 86, 101, 76, 86, 107, 94, 60
Warmiaki, 124, 136, 109, 103, 141, 119, 110, 139, 108, 90, 111, 123, 60, 60
Wilcza - Nieborowice, 131, 166, 148, 108, 148, 116, 95, 128, 138, 96, 129, 111 
Zabłudów, 125, 153, 106, 94, 146, 114, 102, 155, 127, 97, 116, 97, 80, 80
Gietrzwałd, 97, 116, 149, 107, 119, 140, 100, 100, 123, 108, 119, 116, 60
Gorzyce (1), 90, 83, 86, 94, 84, 85, 73, 62, 71, 69, 61, 70, 84, 62
Gorzyce (2), 64, 87, 86, 60, 85, 86, 56, 106, 77, 48, 52, 76, 40 
Łosiów, 114, 77, 135, 115, 67, 105, 116, 96, 129, 98, 84, 83, 60
Łuszczów, 115, 135, 99, 98, 118, 116, 127, 120, 100, 109, 91, 105, 60
Polesie, 153, 147, 137, 131, 136, 107, 149, 119, 131, 124, 99, 99 
Sochaczew, 74, 129, 143, 74, 132, 117, 71, 120, 92, 69, 117, 109, 60
Szymaki, 145, 148, 145, 105, 131, 106, 145, 149, 145, 101, 92, 90, 60
Tarnowskie Góry, 79, 95, 79, 73, 101, 89, 79, 106, 84, 78, 106, 78 
Warmiaki, 124, 132, 97, 101, 145, 123, 117, 113, 91, 78, 130, 108, 60
Wilcza - Nieborowice, 93, 144, 121, 116, 119, 117, 89, 123, 115, 79, 90, 87, 60
Zabłudów, 94, 140, 103, 88, 118, 93, 118, 150, 99, 84, 112, 85, 60
Gietrzwałd, 89, 92, 92, 92, 92, 92, 80, 92, 92, 87, 92, 91
Gorzyce (1), 92, 85, 77, 87, 70, 71, 83, 66, 73, 92, 81, 66, 40 
Gorzyce (2), 59, 91, 91, 59, 86, 92, 46, 69, 71, 57, 89, 83, 40
Łosiów, 92, 86, 91, 92, 91, 92, 92, 88, 92, 88, 92, 85, 87, 86
Łuszczów, 92, 92, 92, 81, 90, 92, 92, 92, 74, 83, 80, 89, 82
Polesie, 92, 92, 92, 92, 91, 92, 92, 92, 91, 92, 90, 83
Sochaczew, 61, 92, 92, 74, 92, 92, 57, 92, 92, 55, 92, 92, 40
Szymaki, 92, 92, 92, 92, 92, 91, 92, 92, 92, 91, 83, 79, 91
Tarnowskie Góry, 69, 92, 64, 71, 92, 75, 65, 92, 64, 85, 92, 79, 40
Warmiaki, 92, 92, 82, 88, 92, 92, 92, 91, 78, 92, 91, 87, 84 
Wilcza - Nieborowice, 92, 92, 92, 77, 90, 92, 84, 92, 92, 70, 83, 87
Zabłudów, 86, 92, 90, 86, 92, 91, 84, 92, 92, 87, 92, 87 
Gietrzwałd, 76, 98, 102, 86, 102, 102, 80, 98, 94, 85, 86, 86
Gorzyce (1), 85, 75, 76, 79, 70, 66, 69, 65, 66, 77, 53, 56, 40 
Gorzyce (2), 61, 68, 76, 50, 71, 73, 49, 66, 69, 42, 51, 63, 30
Łosiów, 87, 78, 102, 83, 68, 94, 81, 82, 92, 83, 79, 82
Łuszczów, 86, 101, 71, 88, 84, 94, 92, 102, 72, 83, 79, 82 
Polesie, 102, 102, 102, 102, 102, 86, 102, 86, 102, 92, 96, 80 
Sochaczew, 55, 100, 100, 59, 89, 89, 53, 90, 90, 54, 88, 90
Szymaki, 102, 102, 102, 89, 97, 88, 102, 102, 102, 80, 91, 81, 90 
Tarnowskie Góry, 73, 80, 63, 60, 96, 69, 64, 83, 85, 65, 87, 73 
Warmiaki, 92, 97, 82, 90, 96, 92, 90, 87, 69, 75, 89, 89
Wilcza - Nieborowice, 82, 102, 94, 76, 101, 82, 86, 92, 96, 85, 92, 83
Zabłudów, 86, 102, 80, 91, 98, 86, 86, 91, 82, 84, 96, 81 
Gietrzwałd, 46, 69, 68, 56, 67, 77, 56, 0, 0, 39, 85, 76, 40
Gorzyce (1), 39, 48, 38, 47, 25, 34, 0, 56, 0, 26, 0, 0 
Gorzyce (2), 25, 39, 49, 27, 31, 41, 0, 0, 66, 0, 0, 0
Łosiów, 54, 26, 53, 54, 30, 46, 0, 33, 0, 0, 0, 0, 15
Łuszczów, 56, 51, 53, 55, 44, 66, 46, 0, 0, 0, 0, 0, 30
Polesie, 78, 68, 67, 77, 77, 60, 0, 73, 0, 0, 86, 66, 40 
Sochaczew, 35, 52, 68, 34, 66, 64, 36, 0, 76, 54, 65, 68, 30
Szymaki, 72, 65, 73, 65, 57, 60, 81, 74, 81, 66, 0, 59, 30
Tarnowskie Góry, 41, 47, 41, 42, 50, 47, 0, 82, 43, 43, 57, 0, 40
Warmiaki, 33, 74, 41, 24, 64, 61, 0, 75, 51, 8, 76, 0, 30
Wilcza - Nieborowice, 49, 70, 56, 46, 54, 57, 35, 26, 0, 0, 0, 76, 30, 30
Zabłudów, 45, 60, 58, 46, 66, 58, 61, 0, 62, 0, 73, 68, 30, 40
Gietrzwałd, 58, 78, 79, 64, 74, 81, 61, 84, 81, 71, 81, 90, 40
Gorzyce (1), 55, 51, 46, 58, 50, 47, 59, 58, 53, 57, 51, 50, 30
Gorzyce (2), 34, 48, 50, 38, 47, 53, 43, 51, 54, 42, 47, 52
Łosiów, 71, 46, 74, 67, 45, 63, 85, 59, 83, 74, 52, 70, 30
Łuszczów, 62, 83, 60, 59, 67, 72, 73, 92, 66, 72, 74, 78
Polesie, 96, 82, 89, 83, 82, 67, 99, 82, 90, 81, 80, 67 
Sochaczew, 43, 78, 78, 44, 72, 69, 44, 82, 83, 48, 75, 73, 40
Szymaki, 86, 89, 87, 67, 73, 66, 94, 98, 96, 67, 73, 65, 40
Tarnowskie Góry, 48, 55, 46, 45, 59, 51, 53, 65, 54, 53, 69, 56, 30
Warmiaki, 74, 81, 60, 62, 75, 72, 80, 86, 69, 62, 80, 77
Wilcza - Nieborowice, 56, 82, 72, 51, 72, 63, 65, 84, 80, 62, 75, 70, 40
Zabłudów, 56, 78, 62, 54, 77, 61, 67, 86, 70, 63, 85, 66 
Gietrzwałd, 58, 76, 79, 65, 73, 82, 63, 74, 82, 74, 81, 94, 40
Gorzyce (1), 57, 49, 47, 60, 49, 47, 55, 52, 48, 65, 54, 50, 30
Gorzyce (2), 36, 49, 50, 39, 47, 53, 39, 60, 51, 40, 45, 54, 30
Łosiów, 70, 46, 74, 66, 45, 63, 81, 60, 85, 79, 56, 69, 30
Łuszczów, 62, 82, 60, 59, 66, 72, 75, 90, 70, 75, 74, 80
Polesie, 94, 83, 87, 80, 80, 66, 95, 79, 90, 79, 79, 67, 40
Sochaczew, 42, 78, 78, 43, 73, 69, 44, 88, 77, 48, 74, 78
Szymaki, 85, 87, 86, 66, 73, 65, 97, 100, 99, 65, 72, 64, 40 
Tarnowskie Góry, 47, 55, 45, 44, 59, 49, 54, 69, 52, 53, 68, 59, 30
Warmiaki, 74, 80, 59, 63, 75, 72, 77, 80, 65, 64, 83, 77, 40
Wilcza - Nieborowice, 55, 82, 71, 51, 72, 64, 63, 89, 82, 62, 74, 64, 40
Zabłudów, 56, 76, 62, 55, 77, 62, 66, 90, 69, 63, 85, 63 
Gietrzwałd, 57, 75, 75, 63, 71, 78, 61, 77, 78, 68, 72, 80, 40
Gorzyce (1), 56, 50, 46, 60, 48, 47, 60, 54, 51, 84, 52, 56, 30 
Gorzyce (2), 36, 48, 49, 38, 47, 53, 39, 52, 51, 42, 64, 61, 30
Łosiów, 68, 49, 72, 63, 48, 60, 76, 65, 80, 70, 60, 65, 30
Łuszczów, 61, 76, 57, 58, 65, 70, 71, 82, 60, 67, 65, 74, 30
Polesie, 85, 73, 82, 78, 78, 65, 86, 72, 83, 76, 76, 65 
Sochaczew, 40, 75, 76, 41, 70, 68, 39, 73, 75, 44, 72, 72
Szymaki, 80, 83, 81, 66, 71, 63, 85, 88, 86, 65, 69, 61 
Tarnowskie Góry, 46, 54, 44, 43, 60, 49, 45, 64, 53, 49, 67, 51, 30
Warmiaki, 70, 75, 57, 61, 72, 69, 71, 77, 59, 63, 71, 72, 30
Wilcza - Nieborowice, 56, 78, 70, 51, 71, 62, 63, 79, 77, 57, 71, 66, 40
Zabłudów, 56, 73, 61, 54, 74, 61, 66, 85, 67, 62, 85, 68, 30
Gietrzwałd, 58, 74, 72, 64, 70, 76, 59, 74, 70, 67, 71, 74
Gorzyce (1), 55, 50, 44, 58, 49, 44, 57, 59, 50, 61, 49, 50, 30 
Gorzyce (2), 32, 51, 50, 35, 50, 54, 33, 57, 49, 34, 49, 54
Łosiów, 68, 52, 69, 63, 48, 59, 68, 61, 74, 67, 56, 62, 30
Łuszczów, 61, 79, 57, 59, 66, 71, 70, 81, 59, 66, 64, 69, 40
Polesie, 83, 70, 82, 77, 76, 65, 84, 70, 82, 76, 75, 65, 40
Sochaczew, 36, 74, 75, 37, 69, 68, 35, 75, 76, 38, 70, 71, 40
Szymaki, 78, 81, 79, 67, 69, 64, 83, 87, 84, 66, 68, 62 
Tarnowskie Góry, 42, 56, 42, 39, 59, 46, 44, 63, 52, 46, 64, 47, 30 
Warmiaki, 69, 75, 58, 60, 71, 70, 70, 75, 59, 61, 69, 70, 30
Wilcza - Nieborowice, 58, 77, 70, 53, 69, 61, 69, 77, 81, 63, 71, 68, 40
Zabłudów, 57, 73, 62, 55, 75, 62, 63, 78, 65, 62, 79, 65, 30
